87
963
1724
2080
2256
2269
2342
3340
3657
3908
4671
4841
5009
5528
5759
6127
7450
7964
8124
8153
8183
8479
8899
8909
9170
9457
10037
10104
10383
11038
11049
11056
11305
11990
12495
12539
12806
12845
12878
13559
13560
13847
14039
14175
14373
14538
14996
15321
15532
15788
16162
16336
16422
16468
16497
17823
19186
19445
19772
20224
20547
21028
21305
22807
22808
22839
23217
23287
23320
23905
23959
24394
24695
25176
25810
26005
26335
26528
27139
27462
27775
28310
28427
28590
28641
28932
28933
29195
29255
29376
29493
29638
29728
29826
30230
30336
30425
30530
30553
30554
30649
31142
31398
31586
31873
31889
32035
32255
32793
32850
33094
33400
33501
33783
34390
34392
34507
34699
34814
34915
34945
35218
35612
35625
35685
36034
36793
37410
37654
37656
37750
37921
38832
38855
39235
39592
39987
40641
41222
41923
41971
42000
42575
42957
43643
43691
43774
43833
43908
43976
44249
44360
44378
44595
45639
45951
46308
46370
47545
47760
48568
48869
48912
48950
49049
49147
49368
50692
50736
50986
51224
51276
51624
51714
51721
53478
53569
53655
54238
54685
55396
55853
55861
56459
56597
57505
57596
57674
57733
57857
58170
58305
58841
58994
59156
59181
59204
59288
59344
59400
59540
59935
60014
60090
60351
60604
60717
60859
60889
61111
61146
62057
62499
63267
63415
63551
63991
64035
64274
64529
64769
65194
65345
65511
65519
66001
66298
66780
67825
67834
68345
68524
69477
69914
70087
70319
71729
71778
72316
73323
73839
74099
74342
74565
74669
75298
75301
75453
76626
77003
77055
77555
78481
78808
78858
78881
78917
79050
80021
80023
80340
80489
80678
80925
81156
81353
81568
82118
82253
82357
82364
82874
82914
82931
82954
83010
83294
84275
84383
84522
84901
84981
85021
85066
85665
85781
86222
86225
86314
86609
86620
86661
87660
87980
88642
88965
89382
89481
89482
89484
89944
90459
90913
90915
91172
91237
91272
91354
91472
91912
92240
92403
92684
92995
93029
93086
93163
93633
93666
93972
94004
94035
94129
94321
94880
95049
95763
96562
97246
97523
98134
98445
98585
99270
99331
99452
99504
99722
99940
100984
101823
101942
102023
103320
103506
103703
103853
103915
104557
104919
105265
105519
105635
105681
105857
107011
107157
107583
107757
107927
108225
108391
108546
108624
109225
109613
109825
109842
109873
109976
110456
110466
110494
111615
111616
112001
112554
112769
112835
112923
113137
113823
113990
114033
114082
114421
115276
115380
115426
115743
115848
116294
116339
116660
117758
118165
118616
118621
118801
118823
118992
119053
119093
119209
119233
119328
119443
119579
119899
119925
120109
120130
120242
120408
121132
121516
121564
121830
121875
122053
122094
122271
122355
122656
122683
122781
122902
123034
123071
123298
123389
123511
123656
123918
124257
124924
125007
125016
125021
125082
125308
126008
126477
127330
127539
127557
127807
128331
128347
128683
128776
128794
128843
129616
129666
129729
129795
130160
130436
130481
131827
133152
134031
134158
134247
135349
135394
135647
135671
135700
136985
137490
137495
137710
138134
138196
138233
139572
140285
140483
140699
141714
142512
142526
142769
143527
144943
145770
145860
145960
146104
146747
146830
147539
147567
147792
148031
148094
148120
148256
149446
149641
149807
149815
151514
151536
151624
151797
151835
151904
152228
152296
152571
153008
153009
153022
153272
153723
153895
153926
154089
154650
154903
154913
155050
155381
155448
155449
155469
155606
155756
155838
155871
155987
155989
156325
157017
157113
157454
158562
158739
159383
159736
159739
159750
160258
160302
161301
161350
161615
162353
162398
162766
163007
163233
163658
163706
164262
164751
165188
165477
165520
165549
165563
165743
166902
167984
168526
168865
169031
169381
169423
169738
170411
171507
171662
171911
172171
172508
172510
172840
173244
173257
173258
173579
173850
174081
174095
174291
174325
174348
174926
175165
175170
175205
175670
175817
176577
176707
176727
177042
177096
177248
177263
180008
180101
180868
180911
180929
181195
181217
181411
181426
181751
182205
182374
182723
183122
183336
183338
183398
183435
183781
184145
184603
185464
186539
186872
187135
187330
187663
187783
187976
188397
188648
188723
189237
189485
189594
190116
190350
190516
190838
191166
191836
191865
192429
192453
192492
192524
192895
192973
193505
193680
194946
194963
195196
195271
196256
197983
198667
199496
199666
199671
199865
199867
199974
200176
200472
200649
200791
200929
201280
201291
201607
202008
202690
202720
203188
203198
203786
204029
204030
204378
205137
205228
205302
205330
206380
206683
207044
207115
207120
207607
208590
208602
209226
209539
210672
210766
211456
211859
211940
211990
212026
212120
212181
212286
212439
212565
212735
212800
213492
213605
213634
213756
213829
214043
214262
214918
215081
215518
215686
215702
215920
215999
216200
216334
216938
217117
217118
217580
217632
218132
218237
218258
218376
218560
219108
219203
220219
220900
221000
221153
221354
221784
221793
222199
222322
222378
222630
222652
222700
223422
223556
224454
224850
225134
225558
225822
226141
227378
228323
228413
228474
229572
229789
230628
230762
230936
230943
231965
232722
233669
233959
233990
234031
234778
235030
235203
235352
235358
235843
235919
235921
235992
236736
236885
236948
237855
237931
238030
238194
238815
239554
240390
240876
241130
241502
241699
241707
241791
242326
242338
243219
243493
243753
243811
244119
244618
244855
246502
246507
247193
247265
247392
247473
247749
248014
248085
248280
249090
249501
249693
249696
249815
250215
250443
250525
250562
251000
251033
251250
251333
251377
251491
251578
251933
252209
252928
253179
253394
253760
254532
255063
255351
255617
255645
255763
255934
256333
256459
256987
257622
257655
257765
258019
258062
258277
258404
258422
259118
259136
259211
259395
259439
259957
260707
261270
262464
262492
263928
263961
264052
264084
264312
264457
264718
265279
265768
266062
266164
266676
266895
266929
266960
267202
267235
267272
267362
267911
268177
268559
268639
268859
268875
269076
269718
270482
270631
270795
270812
270871
271402
272308
272641
273234
273654
273672
273673
274148
274435
275679
276175
276561
276606
277161
278071
279130
279405
279710
279774
279833
279925
281595
281898
282758
282889
282893
284792
284965
285075
285122
285678
286509
286597
288387
288461
289491
290826
291170
293034
293129
293442
294682
295634
296073
296101
296297
296416
297586
298493
298665
299049
300333
301786
301838
303655
304591
304697
304913
304956
306570
308718
308997
309456
309467
313357
314628
314631
315792
315841
316135
316198
316880
317168
317387
317591
318205
319562
320945
322449
325126
325174
325193
326508
327537
329196
329303
329498
330030
330225
330834
331171
332047
332128
332131
332314
334166
335176
335615
336106
336194
337020
338553
338766
341215
341661
342859
343891
344134
344820
345294
345388
346214
346250
346926
347714
347996
348041
348279
348395
349140
349324
349492
349769
353475
354232
354674
354702
354973
355117
355261
355524
355970
356189
356502
356931
357935
357995
358029
358038
358699
358740
358805
358930
358947
359719
360760
361433
361487
361815
361818
362178
362777
362904
362916
362985
363952
364457
364486
365198
366018
366111
367004
367608
368058
368646
368677
369097
369366
370082
370111
370457
370654
371638
372044
372129
372137
372156
372283
372703
373253
373484
373879
374279
374485
374494
374495
374497
375062
375132
375287
375446
375641
375846
376027
376524
377456
379414
379424
379455
379690
380140
380323
380614
380643
380811
381088
381384
382401
383507
383525
383939
383957
384049
384072
384136
384312
384329
384430
384678
384681
384723
384832
385116
385128
385184
385684
385757
385758
385767
385787
385907
385909
386013
386058
386137
386298
386637
387050
387074
387137
387231
387252
387416
387504
387564
387712
387762
387770
387772
388253
388452
388512
388553
388603
388728
388857
388887
389060
389129
389176
389294
389373
389409
389479
389554
389676
389703
389736
390119
390819
391297
391598
391788
391828
392126
392306
392317
392802
392857
393781
393907
394656
394949
395060
395080
395143
395190
395274
395285
395297
395308
395312
395318
395395
395399
395437
395438
395447
395605
395751
395984
395999
396041
396043
396058
396070
396086
396095
396145
396230
396285
396468
396532
396533
396562
396607
396614
396622
396695
396699
396709
396734
396764
396771
396791
396825
396874
396882
396952
396990
397106
397218
397302
397535
397597
397627
397737
397973
397974
398052
398071
398627
398730
398898
398899
398916
398999
399282
399343
399398
399469
399599
399825
400030
400046
400775
401007
401629
401798
402287
402802
402991
403021
403323
403518
405313
405985
406074
406468
406649
406676
406695
406961
407129
408183
408262
408590
408703
409421
409887
410496
410737
411239
411315
411820
411951
411963
411965
412198
412515
413262
413314
413431
413665
413746
413818
413819
413825
413839
413937
413946
414019
414209
414387
414644
414662
414664
414825
414855
414977
414981
415227
415773
415889
416109
416115
416138
416223
416283
416337
416384
416845
417140
417966
418336
418815
419025
419489
420887
421118
421554
422582
422967
423934
423955
426272
426273
426289
426838
428657
430358
430798
431628
431763
431775
431918
431994
433633
433970
434310
434321
436145
436633
436640
437876
437891
438118
438281
438312
439555
440474
440686
440856
441071
441217
441858
441873
442505
442998
443222
444234
444388
444725
445109
445186
445358
445495
446190
447313
447737
448245
448246
449665
450117
450487
450764
451820
451897
452102
452248
453111
453580
453914
454175
454504
455431
456609
456639
456772
457044
457205
458266
458346
460350
460462
460975
462357
463703
465213
466645
466858
469008
469583
469591
470356
470685
471263
471307
472905
473037
473062
473095
473233
473389
473479
473487
474136
474175
474430
474571
475826
475871
476478
476852
477445
478020
478213
478971
479810
480237
480405
480643
480947
481043
481187
481406
481634
481652
483231
483516
483778
484089
484595
484687
485651
485992
486056
486138
486139
486346
486592
486744
488257
488355
488996
489164
489994
495772
502186
503597
504814
505567
505570
505591
505601
505604
505646
505723
505729
505758
505919
506442
507595
507748
507773
507782
508404
508549
508806
509051
509058
509060
509804
509937
510027
510337
510797
510940
511363
511968
512398
512654
512686
512889
513100
514847
515194
515273
515473
515497
515609
516159
516530
516579
516993
517230
517433
517769
517911
518095
518230
518354
518355
518415
518493
518640
518701
518963
518992
519102
519454
519629
519640
519692
520034
520490
520491
520493
520494
520642
521529
522334
522348
522946
523647
523692
523697
524264
524400
525056
526317
527247
527248
527372
527657
527975
528022
529413
530774
530804
531016
531092
531093
531135
531142
531226
531709
531769
531936
531940
532365
532635
533488
533968
534171
534215
535561
536589
536787
537150
537188
537326
537609
537995
538091
538233
538349
538509
538541
538577
538622
538657
539414
539643
539667
541145
542037
542988
543171
543177
543360
543697
544141
544633
547259
547270
547404
547887
548820
548859
549075
550170
551274
551743
551800
552183
552239
552323
552460
552462
553651
555463
555776
556310
556475
557126
557263
557410
557535
557980
558274
559027
559287
560031
560769
560920
560960
561049
561122
561251
561272
561276
561508
561849
561875
561916
561931
562697
562708
563357
563631
563636
563648
563652
563697
563770
563892
564043
564067
564124
564269
564433
564452
564717
564877
564959
565008
565020
565135
565226
565243
565256
565320
565497
565513
565596
565708
565884
565983
566013
566039
566071
566354
566567
567350
567711
567972
568371
569485
571898
573579
575960
576804
577225
577454
578426
580857
580864
580875
581630
581654
581667
581706
582731
582747
583787
584031
585656
585876
585995
586969
588367
588477
592707
592901
592944
592945
593943
594494
594520
595960
596126
596611
597624
597665
598910
599517
599518
599520
599523
599634
602207
602259
602589
602608
603107
603339
603483
605407
605477
605874
607549
607624
608060
608352
608387
608806
609036
609180
609519
610008
611030
611849
612080
614434
614462
615008
616167
617922
641051
643331
644042
644048
645169
645170
645821
646746
647765
647920
648083
648736
648876
650368
656721
656933
658412
658865
658866
663473
663918
664101
665138
665139
665306
665307
665679
671571
684958
688910
