ca_finance1_cocode|ca_company_name|ca_finance1_year|ca_ann_rep_months|ca_fs_format|ca_sale_of_goods|ca_export_incentives|ca_salaries_bonus_pf|ca_long_term_borrowings|ca_curr_portion_lt_borrowings|ca_gross_fixed_ast_addn|ca_gross_intangible_assets_tot_addn|ca_gross_fixed_ast_addn|ca_cf_net_frm_op_activity|ca_export_goods
112888|K R B L LTD.|20160331|12|INDAS|32653.9000|NA|586.7000|2032.2000|728.4000|1858.1000|2.5000|1858.1000|5113.2000|17811.0000
112888|K R B L LTD.|20170331|12|INDAS|30313.9000|NA|663.6000|873.2000|377.0000|3058.0000|0.2000|3058.0000|2587.7000|10778.4000
112888|K R B L LTD.|20180331|12|INDAS|30976.6000|NA|666.5000|519.5000|291.6000|384.9000|2.2000|384.9000|607.6000|NA
112888|K R B L LTD.|20190331|12|INDAS|39664.7000|NA|743.0000|332.4000|134.4000|295.9000|2.0000|295.9000|-1148.6000|NA
112888|K R B L LTD.|20200331|12|INDAS|43541.2000|NA|828.0000|892.2000|134.4000|1225.9000|6.8000|1225.9000|12118.8000|NA
112888|K R B L LTD.|20210331|12|INDAS|38785.4000|NA|896.3000|592.1000|134.4000|574.9000|2.3000|574.9000|3837.3000|NA
112888|K R B L LTD.|20220331|12|INDAS|40788.1000|NA|1005.7000|504.9000|58.7000|519.7000|5.2000|519.7000|5608.2000|NA
112888|K R B L LTD.|20230331|12|INDAS|52215.6000|NA|1151.9000|367.8000|NA|891.5000|11.9000|891.5000|-3601.0000|NA
115914|MANE KANCOR INGREDIENTS PVT. LTD.|20160331|12|IGAAP|3550.6000|144.0000|269.4000|142.0000|NA|85.4000|0.6000|85.4000|NA|NA
115914|MANE KANCOR INGREDIENTS PVT. LTD.|20170331|12|IGAAP|4122.7000|148.0000|275.6000|192.0000|NA|34.5000|2.0000|34.5000|NA|NA
115914|MANE KANCOR INGREDIENTS PVT. LTD.|20180331|12|IGAAP|4338.0000|172.0000|323.1000|273.7000|98.9000|147.7000|3.4000|147.7000|54.1000|NA
115914|MANE KANCOR INGREDIENTS PVT. LTD.|20190331|12|IGAAP|5360.6000|306.7000|429.2000|519.9000|94.9000|234.5000|3.8000|234.5000|512.1000|NA
119601|KEVENTER AGRO LTD.|20160331|12|IGAAP|5171.9000|67.9000|356.0000|1716.7000|195.6000|183.2000|NA|183.2000|NA|1279.8000
119601|KEVENTER AGRO LTD.|20170331|12|INDAS|5519.6000|56.6000|376.3000|1127.4000|134.5000|292.8000|2.9000|292.8000|873.9000|NA
119601|KEVENTER AGRO LTD.|20180331|12|INDAS|5920.3000|59.3000|426.1000|564.9000|145.9000|165.2000|0.2000|165.2000|-64.8000|NA
119601|KEVENTER AGRO LTD.|20190331|12|INDAS|6276.5000|81.1000|513.4000|1292.5000|132.9000|1041.2000|NA|1041.2000|1242.3000|NA
125758|L T FOODS LTD.|20160331|12|IGAAP|29473.1000|3.1000|1014.9000|375.6000|394.0000|564.6000|64.7000|564.6000|2971.6000|NA
125758|L T FOODS LTD.|20170331|12|INDAS|32255.9000|3.7000|1245.0000|643.8000|341.5000|707.1000|349.3000|707.1000|2267.3000|NA
125758|L T FOODS LTD.|20180331|12|INDAS|35937.5000|3.9000|1494.0000|1928.4000|315.7000|2442.9000|8.1000|2442.9000|602.2000|NA
125758|L T FOODS LTD.|20190331|12|INDAS|38724.4000|25.2000|1705.7000|2296.7000|200.1000|1213.7000|93.0000|1213.7000|1025.4000|NA
125758|L T FOODS LTD.|20200331|12|INDAS|41184.4000|18.3000|2240.8000|4559.3000|281.9000|4112.7000|125.7000|4112.7000|4771.8000|NA
125758|L T FOODS LTD.|20210331|12|INDAS|47140.8000|NA|2947.2000|4453.5000|363.0000|1048.3000|18.5000|1048.3000|4446.6000|NA
125758|L T FOODS LTD.|20220331|12|INDAS|53580.8000|NA|3170.9000|3847.1000|267.3000|1573.5000|45.8000|1573.5000|5174.7000|NA
125758|L T FOODS LTD.|20230331|12|INDAS|68644.3000|NA|3909.4000|4606.1000|12.5000|2399.2000|118.2000|2399.2000|2583.7000|NA
133154|M T R FOODS PVT. LTD.|20160331|12|IGAAP|6067.0000|NA|742.4000|25.4000|5.9000|115.2000|6.4000|115.2000|NA|NA
133154|M T R FOODS PVT. LTD.|20170331|12|IGAAP|6626.5000|NA|838.8000|18.2000|7.3000|638.0000|6.1000|638.0000|666.0000|NA
133154|M T R FOODS PVT. LTD.|20180331|12|IGAAP|6675.4000|NA|784.0000|9.2000|9.0000|624.6000|6.8000|624.6000|718.6000|NA
133154|M T R FOODS PVT. LTD.|20190331|12|IGAAP|7170.4000|NA|895.3000|0.0000|9.2000|321.3000|31.0000|321.3000|866.8000|NA
133154|M T R FOODS PVT. LTD.|20200331|12|INDAS|7506.0000|18.9000|978.3000|307.7000|NA|227.0000|10.3000|227.0000|964.8000|NA
133154|M T R FOODS PVT. LTD.|20210331|12|INDAS|8705.8000|10.4000|1079.3000|393.8000|103.3000|18193.8000|15980.9000|18193.8000|1479.6000|NA
133154|M T R FOODS PVT. LTD.|20220331|12|INDAS|17084.7000|59.1000|1854.5000|562.5000|63.5000|652.3000|19.5000|652.3000|1802.4000|NA
140097|MARICO LTD.|20160331|12|INDAS|60147.9000|48.6000|3335.2000|0.0000|1785.3000|709.1000|127.9000|709.1000|8065.1000|NA
140097|MARICO LTD.|20170331|12|INDAS|59180.3000|84.9000|3565.2000|NA|NA|1261.1000|34.3000|1261.1000|6069.1000|NA
140097|MARICO LTD.|20180331|12|INDAS|68380.0000|240.0000|3790.0000|200.0000|30.0000|940.0000|160.0000|940.0000|5020.0000|NA
140097|MARICO LTD.|20190331|12|INDAS|78800.0000|NA|4210.0000|1650.0000|30.0000|1980.0000|210.0000|1980.0000|10620.0000|NA
140097|MARICO LTD.|20200331|12|INDAS|79960.0000|NA|4370.0000|1540.0000|30.0000|2840.0000|500.0000|2840.0000|12180.0000|NA
140097|MARICO LTD.|20210331|12|INDAS|87920.0000|NA|5210.0000|1300.0000|30.0000|3360.0000|1980.0000|3360.0000|20070.0000|NA
140097|MARICO LTD.|20220331|12|INDAS|104890.0000|NA|5260.0000|910.0000|NA|2700.0000|1240.0000|2700.0000|10160.0000|NA
140097|MARICO LTD.|20230331|12|INDAS|109490.0000|NA|5910.0000|930.0000|NA|4490.0000|2410.0000|4490.0000|14190.0000|NA
149122|MOON BEVERAGES LTD.|20160331|12|IGAAP|4199.8000|NA|170.4000|2922.9000|NA|521.6000|NA|521.6000|536.1000|NA
149122|MOON BEVERAGES LTD.|20170331|12|IGAAP|5458.9000|NA|184.8000|2594.2000|NA|115.8000|NA|115.8000|495.7000|NA
149122|MOON BEVERAGES LTD.|20180331|12|IGAAP|4652.1000|NA|211.6000|2255.8000|NA|156.4000|NA|156.4000|NA|NA
149122|MOON BEVERAGES LTD.|20190331|12|IGAAP|4785.6000|NA|225.7000|1974.8000|NA|78.4000|NA|78.4000|313.2000|NA
149122|MOON BEVERAGES LTD.|20200331|12|IGAAP|6011.5000|NA|332.1000|6085.5000|NA|4560.6000|NA|4560.6000|820.0000|NA
149122|MOON BEVERAGES LTD.|20210331|12|IGAAP|8716.3000|NA|438.7000|5384.8000|NA|181.7000|NA|181.7000|NA|NA
149122|MOON BEVERAGES LTD.|20220331|12|IGAAP|11793.0000|NA|529.4000|6343.4000|NA|618.4000|0.2000|618.4000|NA|NA
157429|NEKKANTI SEA FOODS LTD.|20160331|12|IGAAP|7473.1000|NA|32.3000|30.0000|20.0000|60.9000|NA|60.9000|478.1000|NA
157429|NEKKANTI SEA FOODS LTD.|20170331|12|INDAS|7679.5000|268.6000|42.3000|NA|NA|831.3000|2.1000|831.3000|-184.2000|NA
157429|NEKKANTI SEA FOODS LTD.|20180331|12|INDAS|12036.4000|378.9000|138.4000|160.0000|NA|187.8000|1.4000|187.8000|1288.4000|NA
157429|NEKKANTI SEA FOODS LTD.|20190331|12|INDAS|11291.0000|268.0000|179.5000|519.0000|5.8000|1008.8000|NA|1008.8000|841.0000|NA
157429|NEKKANTI SEA FOODS LTD.|20200331|12|INDAS|12977.8000|321.4000|249.4000|526.9000|4.6000|629.9000|0.5000|629.9000|1223.9000|NA
157429|NEKKANTI SEA FOODS LTD.|20210331|12|INDAS|12803.4000|358.7000|259.5000|96.9000|32.8000|920.1000|240.0000|920.1000|-589.0000|NA
157429|NEKKANTI SEA FOODS LTD.|20220331|12|INDAS|22426.1000|601.5000|292.3000|133.0000|40.0000|1096.1000|2.3000|1096.1000|-523.6000|NA
157429|NEKKANTI SEA FOODS LTD.|20230331|12|INDAS|11324.7000|309.8000|313.3000|NA|NA|247.4000|NA|247.4000|4209.9000|NA
163543|OM OIL & FLOUR MILLS LTD.|20160331|12|IGAAP|2231.4000|NA|85.6000|223.6000|NA|55.7000|NA|55.7000|28.8000|NA
163543|OM OIL & FLOUR MILLS LTD.|20170331|12|IGAAP|2430.8000|NA|89.2000|166.2000|166.5000|94.6000|NA|94.6000|265.1000|NA
163543|OM OIL & FLOUR MILLS LTD.|20180331|12|IGAAP|2480.4000|NA|59.5000|162.6000|NA|66.2000|NA|66.2000|245.4000|NA
163543|OM OIL & FLOUR MILLS LTD.|20190331|12|IGAAP|2538.6000|NA|72.0000|127.1000|NA|69.3000|NA|69.3000|19.1000|NA
163543|OM OIL & FLOUR MILLS LTD.|20200331|12|IGAAP|2982.8000|NA|166.9000|84.2000|41.8000|50.2000|NA|50.2000|36.0000|NA
163543|OM OIL & FLOUR MILLS LTD.|20210331|12|IGAAP|3040.1000|NA|178.2000|155.5000|54.1000|53.7000|NA|53.7000|417.7000|NA
171497|PARLE AGRO PVT. LTD.|20200331|12|INDAS|26561.1000|45.3000|2378.1000|5394.7000|1787.2000|4385.3000|4.2000|4385.3000|3638.7000|NA
171497|PARLE AGRO PVT. LTD.|20210331|12|INDAS|23551.9000|6.9000|2531.8000|4587.3000|2362.8000|3212.4000|1.5000|3212.4000|3963.0000|NA
171497|PARLE AGRO PVT. LTD.|20220331|12|INDAS|32167.9000|21.0000|2780.4000|4829.8000|2065.7000|3870.3000|4.9000|3870.3000|4176.9000|NA
176208|PLANT LIPIDS PVT. LTD.|20160331|12|IGAAP|9683.0000|NA|244.5000|7.3000|9.7000|205.6000|0.5000|205.6000|-95.6000|NA
176208|PLANT LIPIDS PVT. LTD.|20170331|12|INDAS|11548.1000|147.9000|311.7000|NA|NA|537.7000|1.5000|537.7000|-808.3000|8511.1000
176208|PLANT LIPIDS PVT. LTD.|20180331|12|INDAS|10770.7000|209.6000|341.3000|NA|NA|338.2000|0.6000|338.2000|1278.2000|NA
176208|PLANT LIPIDS PVT. LTD.|20190331|12|INDAS|10267.7000|301.1000|350.6000|NA|NA|150.3000|NA|150.3000|2223.0000|NA
176208|PLANT LIPIDS PVT. LTD.|20200331|12|INDAS|10746.9000|293.4000|356.1000|79.9000|NA|172.2000|0.5000|172.2000|2107.3000|NA
176208|PLANT LIPIDS PVT. LTD.|20210331|12|INDAS|14492.9000|81.3000|391.7000|4.9000|NA|615.2000|0.1000|615.2000|-1132.0000|NA
176208|PLANT LIPIDS PVT. LTD.|20220331|12|INDAS|19760.7000|68.3000|466.7000|41.5000|NA|617.3000|26.3000|617.3000|-2900.8000|NA
210328|SANDHYA MARINES LTD.|20160331|12|IGAAP|3428.1000|NA|60.1000|119.4000|NA|NA|NA|NA|NA|NA
210328|SANDHYA MARINES LTD.|20170331|12|IGAAP|5222.9000|NA|92.6000|31.6000|NA|NA|NA|NA|-305.6000|NA
210328|SANDHYA MARINES LTD.|20180331|12|IGAAP|8073.5000|NA|152.3000|82.7000|NA|267.5000|NA|267.5000|NA|NA
210328|SANDHYA MARINES LTD.|20190331|12|IGAAP|8830.6000|NA|209.8000|45.6000|NA|838.0000|NA|838.0000|985.2000|NA
210328|SANDHYA MARINES LTD.|20200331|12|INDAS|10728.8000|738.8000|291.2000|90.0000|28.7000|206.8000|NA|206.8000|NA|8429.9000
210328|SANDHYA MARINES LTD.|20210331|12|INDAS|13726.7000|279.3000|342.2000|28.4000|9.8000|450.1000|NA|450.1000|NA|9814.1000
210328|SANDHYA MARINES LTD.|20220331|12|INDAS|21615.2000|867.0000|420.1000|397.2000|24.1000|NA|NA|NA|164.3000|NA
210328|SANDHYA MARINES LTD.|20230331|12|INDAS|21206.8000|612.4000|409.5000|48.8000|10.1000|398.3000|NA|398.3000|2628.9000|NA
23774|ASVINI FISHERIES PVT. LTD.|20170331|12|IGAAP|7629.8000|553.6000|372.9000|0.0000|2.9000|38.7000|NA|38.7000|261.7000|7515.0000
23774|ASVINI FISHERIES PVT. LTD.|20180331|12|IGAAP|8442.6000|732.4000|476.6000|NA|NA|427.0000|NA|427.0000|231.2000|8173.7000
23774|ASVINI FISHERIES PVT. LTD.|20190331|12|INDAS|9183.1000|705.2000|793.9000|15.3000|NA|530.0000|NA|530.0000|591.5000|8889.1000
23774|ASVINI FISHERIES PVT. LTD.|20200331|12|INDAS|11178.8000|1216.8000|997.0000|17.9000|NA|179.9000|NA|179.9000|675.4000|NA
23774|ASVINI FISHERIES PVT. LTD.|20210331|12|INDAS|9404.1000|396.8000|906.0000|18.4000|NA|53.2000|3.6000|53.2000|417.6000|NA
23774|ASVINI FISHERIES PVT. LTD.|20220331|12|INDAS|12598.7000|776.0000|1084.9000|23.8000|NA|433.3000|1.1000|433.3000|663.1000|NA
23774|ASVINI FISHERIES PVT. LTD.|20230331|12|INDAS|14260.6000|667.9000|1202.9000|30.5000|NA|429.8000|0.1000|429.8000|1945.0000|NA
245605|SYNTHITE INDUSTRIES PVT. LTD.|20160331|12|INDAS|12708.1000|NA|790.1000|406.0000|NA|302.6000|3.3000|302.6000|-659.5000|NA
245605|SYNTHITE INDUSTRIES PVT. LTD.|20170331|12|INDAS|15825.0000|NA|895.3000|845.4000|338.3000|1155.3000|534.3000|1155.3000|-246.5000|NA
245605|SYNTHITE INDUSTRIES PVT. LTD.|20180331|12|INDAS|15333.2000|NA|947.0000|528.4000|162.9000|502.8000|5.8000|502.8000|3516.6000|NA
245605|SYNTHITE INDUSTRIES PVT. LTD.|20190331|12|INDAS|14047.8000|NA|1041.1000|496.4000|51.9000|289.7000|2.0000|289.7000|1340.5000|NA
245605|SYNTHITE INDUSTRIES PVT. LTD.|20200331|12|INDAS|15294.2000|321.2000|1335.5000|478.9000|76.2000|1128.3000|0.2000|1128.3000|2150.4000|NA
245605|SYNTHITE INDUSTRIES PVT. LTD.|20210331|12|INDAS|17728.4000|5.4000|1377.1000|427.7000|87.5000|505.2000|2.7000|505.2000|1503.0000|NA
245605|SYNTHITE INDUSTRIES PVT. LTD.|20220331|12|INDAS|21479.2000|74.6000|1594.5000|390.4000|126.4000|1011.4000|55.8000|1011.4000|-916.4000|NA
245605|SYNTHITE INDUSTRIES PVT. LTD.|20230331|12|INDAS|23201.1000|197.4000|2274.3000|380.4000|118.1000|2100.7000|2.6000|2100.7000|1407.8000|NA
248186|TATA CONSUMER PRODUCTS LTD.|20160331|12|INDAS|65232.0000|275.0000|7529.5000|5041.2000|4413.7000|3553.8000|1723.9000|3553.8000|1159.8000|NA
248186|TATA CONSUMER PRODUCTS LTD.|20170331|12|INDAS|66729.7000|298.8000|7907.0000|4501.0000|162.3000|3660.8000|2634.0000|3660.8000|7412.0000|NA
248186|TATA CONSUMER PRODUCTS LTD.|20180331|12|INDAS|67006.8000|317.7000|7775.6000|6559.9000|114.0000|4621.5000|2562.7000|4621.5000|3555.8000|NA
248186|TATA CONSUMER PRODUCTS LTD.|20190331|12|INDAS|71526.6000|421.5000|7564.3000|7872.4000|242.0000|2499.6000|923.2000|2499.6000|2098.7000|NA
248186|TATA CONSUMER PRODUCTS LTD.|20200331|12|INDAS|95420.7000|408.2000|8507.4000|10866.3000|739.1000|72863.1000|63904.0000|72863.1000|10822.3000|NA
248186|TATA CONSUMER PRODUCTS LTD.|20210331|12|INDAS|115301.7000|188.1000|9322.2000|6766.4000|4860.4000|8641.1000|5290.6000|8641.1000|16563.7000|NA
248186|TATA CONSUMER PRODUCTS LTD.|20220331|12|INDAS|123381.0000|88.7000|10120.4000|5927.8000|562.8000|6779.4000|2374.5000|6779.4000|15158.1000|NA
248186|TATA CONSUMER PRODUCTS LTD.|20230331|12|INDAS|136534.6000|233.4000|10732.2000|5683.3000|645.9000|8925.8000|5066.3000|8925.8000|14612.9000|NA
261277|VADILAL INDUSTRIES LTD.|20160331|12|IGAAP|4567.3000|14.0000|232.6000|455.6000|221.8000|128.5000|14.2000|128.5000|635.4000|NA
261277|VADILAL INDUSTRIES LTD.|20170331|12|INDAS|4864.1000|14.9000|265.8000|343.9000|199.7000|201.7000|2.1000|201.7000|455.1000|417.0000
261277|VADILAL INDUSTRIES LTD.|20180331|12|INDAS|5470.4000|29.0000|371.7000|709.9000|174.3000|221.5000|3.1000|221.5000|166.0000|NA
261277|VADILAL INDUSTRIES LTD.|20190331|12|INDAS|5658.7000|50.6000|517.9000|579.9000|240.2000|282.9000|9.0000|282.9000|444.1000|NA
261277|VADILAL INDUSTRIES LTD.|20200331|12|INDAS|6028.5000|37.6000|603.1000|639.1000|187.4000|741.8000|3.5000|741.8000|666.2000|NA
261277|VADILAL INDUSTRIES LTD.|20210331|12|INDAS|4682.6000|58.6000|531.6000|674.7000|165.5000|179.3000|2.3000|179.3000|820.6000|NA
261277|VADILAL INDUSTRIES LTD.|20220331|12|INDAS|7010.5000|35.0000|667.1000|869.1000|224.9000|200.8000|1.5000|200.8000|320.2000|NA
261277|VADILAL INDUSTRIES LTD.|20230331|12|INDAS|10639.5000|69.0000|915.0000|1376.8000|298.0000|1473.5000|14.8000|1473.5000|394.8000|NA
262869|VARUN BEVERAGES LTD.|20151231|12|IGAAP|38948.3000|NA|3026.4000|15795.3000|2454.2000|15422.8000|3006.6000|15422.8000|5547.9000|NA
262869|VARUN BEVERAGES LTD.|20161231|12|INDAS|44905.0000|NA|3950.8000|12183.5000|5859.2000|7485.0000|46.8000|7485.0000|8257.8000|NA
262869|VARUN BEVERAGES LTD.|20171231|12|INDAS|44073.5000|NA|4312.2000|16913.7000|6089.8000|7143.7000|838.7000|7143.7000|6197.8000|NA
262869|VARUN BEVERAGES LTD.|20181231|12|INDAS|51113.1000|NA|5466.1000|19800.8000|4501.5000|9517.7000|938.9000|9517.7000|9997.9000|NA
262869|VARUN BEVERAGES LTD.|20191231|12|INDAS|85056.7000|NA|7646.8000|23553.8000|5946.4000|26799.7000|658.3000|26799.7000|13075.8000|NA
262869|VARUN BEVERAGES LTD.|20201231|12|INDAS|75706.1000|NA|8382.3000|20040.7000|5226.5000|11377.2000|7.7000|11377.2000|10119.9000|NA
262869|VARUN BEVERAGES LTD.|20211231|12|INDAS|91294.5000|NA|9482.0000|18446.0000|9000.8000|5013.7000|73.0000|5013.7000|12314.2000|NA
262869|VARUN BEVERAGES LTD.|20221231|12|INDAS|135195.7000|NA|11419.7000|18924.6000|13401.0000|15468.8000|1.5000|15468.8000|17900.4000|NA
281526|DEVI FISHERIES LTD.|20170331|12|IGAAP|11108.1000|NA|210.2000|165.4000|NA|303.8000|NA|303.8000|NA|NA
281526|DEVI FISHERIES LTD.|20180331|12|INDAS|10333.2000|911.7000|266.5000|294.6000|96.6000|655.0000|245.1000|655.0000|-8.8000|NA
281526|DEVI FISHERIES LTD.|20190331|12|INDAS|12610.6000|1152.1000|364.8000|344.2000|114.9000|1426.9000|NA|1426.9000|1044.4000|NA
281526|DEVI FISHERIES LTD.|20200331|12|INDAS|14741.3000|1212.0000|422.0000|412.5000|112.5000|349.0000|NA|349.0000|525.3000|NA
281526|DEVI FISHERIES LTD.|20210331|12|INDAS|15612.3000|649.3000|479.2000|209.4000|111.4000|154.0000|NA|154.0000|831.5000|NA
281526|DEVI FISHERIES LTD.|20220331|12|INDAS|21983.6000|808.4000|572.6000|252.9000|166.1000|892.0000|NA|892.0000|-1707.3000|NA
314421|CHOICE TRADING CORPN. PVT. LTD.|20160331|12|INDAS|3954.1000|135.7000|291.5000|154.2000|NA|217.0000|3.6000|217.0000|79.7000|3954.1000
314421|CHOICE TRADING CORPN. PVT. LTD.|20170331|12|INDAS|3606.6000|168.2000|281.5000|116.7000|NA|56.3000|3.4000|56.3000|71.6000|329.0000
314421|CHOICE TRADING CORPN. PVT. LTD.|20180331|12|INDAS|6130.4000|240.1000|291.9000|76.2000|NA|163.3000|0.7000|163.3000|-746.8000|NA
314421|CHOICE TRADING CORPN. PVT. LTD.|20190331|12|INDAS|9739.1000|294.0000|346.8000|57.0000|NA|82.1000|1.5000|82.1000|-412.3000|NA
314421|CHOICE TRADING CORPN. PVT. LTD.|20200331|12|INDAS|11142.3000|295.0000|312.3000|350.9000|NA|350.7000|0.9000|350.7000|437.4000|NA
314421|CHOICE TRADING CORPN. PVT. LTD.|20210331|12|INDAS|13416.2000|NA|405.7000|489.8000|NA|279.6000|2.1000|279.6000|-4.7000|NA
314421|CHOICE TRADING CORPN. PVT. LTD.|20220331|12|INDAS|15004.9000|NA|486.4000|383.5000|NA|171.8000|6.4000|171.8000|573.2000|NA
314421|CHOICE TRADING CORPN. PVT. LTD.|20230331|12|INDAS|17947.0000|NA|673.6000|421.8000|NA|1187.8000|7.6000|1187.8000|-567.1000|NA
328203|BIKAJI FOODS INTL. LTD.|20190331|12|INDAS|8901.0000|NA|537.2000|343.1000|106.9000|1071.1000|NA|1071.1000|638.5000|NA
328203|BIKAJI FOODS INTL. LTD.|20200331|12|INDAS|10476.8000|NA|632.0000|175.9000|135.1000|419.8000|0.3000|419.8000|868.7000|NA
328203|BIKAJI FOODS INTL. LTD.|20210331|12|INDAS|12746.6000|11.3000|663.9000|150.4000|NA|658.4000|7.9000|658.4000|1171.7000|NA
328203|BIKAJI FOODS INTL. LTD.|20220331|12|INDAS|15446.1000|8.8000|835.9000|569.2000|161.2000|1306.4000|4.9000|1306.4000|574.8000|NA
328203|BIKAJI FOODS INTL. LTD.|20230331|12|INDAS|18695.9000|4.7000|910.8000|656.9000|294.9000|2019.2000|1.1000|2019.2000|1761.5000|NA
339129|SAMI-SABINSA GROUP LTD.|20160331|12|IGAAP|5339.1000|35.9000|625.9000|778.0000|94.8000|222.9000|1.9000|222.9000|939.2000|NA
339129|SAMI-SABINSA GROUP LTD.|20170331|12|IGAAP|5801.0000|NA|700.9000|371.7000|NA|123.0000|1.1000|123.0000|NA|NA
339129|SAMI-SABINSA GROUP LTD.|20180331|12|IGAAP|8054.5000|NA|748.5000|455.6000|NA|295.0000|NA|295.0000|NA|NA
339129|SAMI-SABINSA GROUP LTD.|20190331|12|INDAS|9788.7000|NA|1074.6000|471.0000|NA|218.0000|0.2000|218.0000|719.1000|NA
339129|SAMI-SABINSA GROUP LTD.|20200331|12|INDAS|10133.0000|350.4000|1149.2000|504.7000|NA|327.4000|0.1000|327.4000|847.9000|NA
339129|SAMI-SABINSA GROUP LTD.|20210331|12|INDAS|10671.1000|7.4000|880.9000|1781.8000|NA|194.9000|NA|194.9000|1783.3000|NA
339129|SAMI-SABINSA GROUP LTD.|20220331|12|INDAS|10554.2000|99.9000|873.3000|1733.9000|NA|190.6000|0.3000|190.6000|2022.0000|NA
348998|HALDIRAM FOODS INTL. LTD.|20190331|12|INDAS|24372.7000|50.8000|1520.8000|412.0000|NA|2935.6000|NA|2935.6000|2172.4000|NA
348998|HALDIRAM FOODS INTL. LTD.|20200331|12|INDAS|26613.3000|67.9000|1712.0000|NA|NA|2265.2000|19.1000|2265.2000|4466.3000|NA
348998|HALDIRAM FOODS INTL. LTD.|20210331|12|INDAS|28994.2000|38.0000|1612.4000|177.3000|NA|2472.1000|2.1000|2472.1000|3261.5000|NA
348998|HALDIRAM FOODS INTL. LTD.|20220331|12|INDAS|35309.5000|0.7000|1753.3000|892.4000|NA|3336.9000|5.7000|3336.9000|3070.4000|NA
357699|DEL MONTE FOODS PVT. LTD.|20200331|12|INDAS|5656.0000|41.4000|607.6000|177.9000|NA|45.5000|2.0000|45.5000|-156.3000|NA
357699|DEL MONTE FOODS PVT. LTD.|20210331|12|INDAS|4341.3000|11.6000|526.2000|264.5000|150.0000|7.3000|0.6000|7.3000|202.4000|NA
357699|DEL MONTE FOODS PVT. LTD.|20220331|12|INDAS|4454.5000|6.3000|569.3000|405.3000|71.3000|55.8000|1.8000|55.8000|147.0000|NA
357699|DEL MONTE FOODS PVT. LTD.|20230331|12|INDAS|5331.2000|4.0000|553.8000|560.4000|80.0000|167.7000|0.2000|167.7000|176.4000|NA
362711|ORGANIC INDIA PVT. LTD.|20160331|12|IGAAP|2027.7000|NA|266.9000|244.6000|NA|164.8000|15.8000|164.8000|141.7000|231.3000
362711|ORGANIC INDIA PVT. LTD.|20170331|12|INDAS|1175.6000|31.8000|387.5000|249.7000|NA|178.5000|NA|178.5000|110.7000|256.0000
362711|ORGANIC INDIA PVT. LTD.|20180331|12|INDAS|1249.5000|NA|410.6000|848.7000|NA|99.6000|28.7000|99.6000|NA|318.9000
362711|ORGANIC INDIA PVT. LTD.|20190331|12|INDAS|3328.2000|NA|567.7000|637.8000|NA|1229.0000|391.8000|1229.0000|377.3000|380.6000
362711|ORGANIC INDIA PVT. LTD.|20200331|12|INDAS|3426.4000|22.1000|517.9000|461.7000|NA|195.3000|54.3000|195.3000|298.8000|NA
362711|ORGANIC INDIA PVT. LTD.|20210331|12|INDAS|3868.9000|78.8000|610.2000|238.5000|NA|54.3000|6.5000|54.3000|305.3000|NA
362711|ORGANIC INDIA PVT. LTD.|20220331|12|INDAS|3851.8000|NA|736.7000|310.5000|NA|73.0000|33.3000|73.0000|322.4000|398.5000
384085|PARAG MILK FOODS LTD.|20160331|12|IGAAP|14509.2000|5.5000|655.7000|1248.4000|280.1000|952.6000|2.2000|952.6000|587.2000|318.1000
384085|PARAG MILK FOODS LTD.|20170331|12|INDAS|16067.6000|21.4000|658.2000|703.1000|NA|684.9000|3.7000|684.9000|406.5000|568.2000
384085|PARAG MILK FOODS LTD.|20180331|12|INDAS|19021.1000|NA|733.6000|635.2000|274.9000|1222.7000|52.7000|1222.7000|186.5000|NA
384085|PARAG MILK FOODS LTD.|20190331|12|INDAS|20710.2000|182.1000|934.8000|646.3000|259.0000|651.9000|5.7000|651.9000|NA|NA
384085|PARAG MILK FOODS LTD.|20200331|12|INDAS|22215.8000|9.6000|901.1000|593.5000|302.3000|815.8000|11.5000|815.8000|-663.9000|NA
384085|PARAG MILK FOODS LTD.|20210331|12|INDAS|16731.2000|4.3000|785.3000|419.0000|302.2000|623.9000|8.9000|623.9000|999.4000|NA
384085|PARAG MILK FOODS LTD.|20220331|12|INDAS|20426.2000|166.9000|835.3000|2815.4000|171.3000|414.7000|1.1000|414.7000|-1489.7000|NA
384085|PARAG MILK FOODS LTD.|20230331|12|INDAS|28537.5000|300.0000|978.9000|2761.4000|321.5000|354.6000|2.3000|354.6000|564.4000|NA
384448|WESTERN INDIA CASHEW CO. PVT. LTD.|20160331|12|IGAAP|2117.3000|NA|89.5000|227.2000|29.5000|41.1000|0.1000|41.1000|-245.6000|1395.9000
384448|WESTERN INDIA CASHEW CO. PVT. LTD.|20170331|12|IGAAP|3059.7000|NA|124.8000|252.7000|6.2000|52.0000|0.4000|52.0000|-31.4000|1506.8000
384448|WESTERN INDIA CASHEW CO. PVT. LTD.|20180331|12|IGAAP|3322.5000|NA|129.5000|217.7000|5.3000|49.7000|NA|49.7000|83.6000|1628.7000
384448|WESTERN INDIA CASHEW CO. PVT. LTD.|20190331|12|IGAAP|3101.9000|NA|133.7000|183.5000|8.2000|76.4000|NA|76.4000|346.1000|1543.6000
384448|WESTERN INDIA CASHEW CO. PVT. LTD.|20200331|12|IGAAP|3312.0000|131.2000|150.5000|117.8000|8.2000|54.9000|1.3000|54.9000|457.5000|2266.4000
384448|WESTERN INDIA CASHEW CO. PVT. LTD.|20210331|12|IGAAP|3025.3000|NA|178.3000|273.8000|NA|25.5000|NA|25.5000|341.9000|2269.8000
384448|WESTERN INDIA CASHEW CO. PVT. LTD.|20220331|12|IGAAP|3539.3000|NA|160.0000|300.8000|NA|36.5000|NA|36.5000|-9.1000|2413.1000
38924|BRITANNIA INDUSTRIES LTD.|20160331|12|INDAS|85490.9000|NA|3200.9000|376.8000|72.4000|2355.0000|143.7000|2355.0000|9592.3000|NA
38924|BRITANNIA INDUSTRIES LTD.|20170331|12|INDAS|92278.9000|NA|3269.9000|314.0000|88.5000|3427.2000|166.5000|3427.2000|4412.8000|NA
38924|BRITANNIA INDUSTRIES LTD.|20180331|12|INDAS|98997.6000|NA|3706.6000|845.7000|224.8000|3311.1000|9.4000|3311.1000|12487.7000|NA
38924|BRITANNIA INDUSTRIES LTD.|20190331|12|INDAS|109734.6000|NA|4016.5000|619.2000|180.0000|5270.3000|88.7000|5270.3000|11557.8000|NA
38924|BRITANNIA INDUSTRIES LTD.|20200331|12|INDAS|114439.9000|NA|4390.9000|7818.7000|235.4000|4275.7000|122.8000|4275.7000|14845.3000|NA
38924|BRITANNIA INDUSTRIES LTD.|20210331|12|INDAS|128830.4000|NA|4707.3000|7623.2000|197.7000|1644.4000|29.7000|1644.4000|18755.2000|NA
38924|BRITANNIA INDUSTRIES LTD.|20220331|12|INDAS|139446.7000|NA|4875.1000|7207.5000|7405.8000|2184.7000|149.5000|2184.7000|12995.2000|NA
38924|BRITANNIA INDUSTRIES LTD.|20230331|12|INDAS|159849.0000|NA|5570.0000|15661.6000|1151.8000|12495.2000|114.6000|12495.2000|25262.1000|NA
391246|SANDHYA AQUA EXPORTS PVT. LTD.|20200331|12|IGAAP|7183.0000|NA|119.4000|399.8000|71.8000|490.6000|NA|490.6000|NA|NA
391246|SANDHYA AQUA EXPORTS PVT. LTD.|20210331|12|IGAAP|9636.8000|NA|168.4000|356.4000|133.6000|398.1000|NA|398.1000|738.1000|NA
398277|INDAPUR DAIRY & MILK PRODUCTS LTD.|20180331|12|IGAAP|11315.0000|NA|43.5000|263.5000|NA|166.4000|0.8000|166.4000|NA|NA
398277|INDAPUR DAIRY & MILK PRODUCTS LTD.|20190331|12|IGAAP|13641.3000|NA|66.9000|396.6000|NA|172.9000|0.2000|172.9000|NA|NA
398277|INDAPUR DAIRY & MILK PRODUCTS LTD.|20200331|12|IGAAP|17701.8000|NA|95.1000|455.7000|NA|425.5000|NA|425.5000|569.9000|382.0000
398277|INDAPUR DAIRY & MILK PRODUCTS LTD.|20210331|12|IGAAP|16324.3000|NA|110.4000|598.6000|NA|420.0000|0.1000|420.0000|-17.8000|172.0000
398277|INDAPUR DAIRY & MILK PRODUCTS LTD.|20220331|12|IGAAP|23813.0000|NA|132.3000|1252.1000|NA|1509.4000|1.0000|1509.4000|148.1000|NA
399416|PRATAAP SNACKS LTD.|20160331|12|IGAAP|7269.2000|NA|174.6000|210.4000|NA|295.9000|1.1000|295.9000|NA|NA
399416|PRATAAP SNACKS LTD.|20170331|12|INDAS|8606.4000|NA|235.2000|387.1000|148.6000|512.7000|33.3000|512.7000|312.6000|NA
399416|PRATAAP SNACKS LTD.|20180331|12|INDAS|9798.7000|NA|348.1000|NA|NA|1014.4000|70.9000|1014.4000|837.3000|NA
399416|PRATAAP SNACKS LTD.|20190331|12|INDAS|11479.3000|NA|397.9000|NA|NA|2982.2000|2431.3000|2982.2000|108.4000|NA
399416|PRATAAP SNACKS LTD.|20200331|12|INDAS|13759.6000|NA|522.5000|581.3000|NA|659.4000|1.5000|659.4000|751.2000|NA
399416|PRATAAP SNACKS LTD.|20210331|12|INDAS|11596.4000|NA|474.2000|340.8000|NA|497.6000|4.5000|497.6000|773.7000|NA
399416|PRATAAP SNACKS LTD.|20220331|12|INDAS|13786.4000|NA|558.0000|357.2000|NA|596.9000|6.7000|596.9000|457.4000|NA
399416|PRATAAP SNACKS LTD.|20230331|12|INDAS|16363.4000|NA|699.1000|392.7000|NA|995.2000|6.3000|995.2000|797.9000|NA
399570|BIKANERVALA FOODS PVT. LTD.|20180331|12|IGAAP|7603.0000|NA|670.3000|395.0000|89.6000|246.5000|1.6000|246.5000|613.5000|NA
399570|BIKANERVALA FOODS PVT. LTD.|20190331|12|IGAAP|9267.0000|NA|856.6000|601.0000|165.9000|872.7000|15.4000|872.7000|592.8000|NA
399570|BIKANERVALA FOODS PVT. LTD.|20200331|12|INDAS|10112.2000|NA|1086.2000|1705.0000|NA|1332.3000|4.5000|1332.3000|857.6000|NA
399570|BIKANERVALA FOODS PVT. LTD.|20210331|12|INDAS|9642.5000|26.8000|875.7000|1437.4000|NA|439.9000|0.1000|439.9000|735.0000|NA
399570|BIKANERVALA FOODS PVT. LTD.|20220331|12|INDAS|11641.6000|12.2000|954.6000|1610.9000|NA|1766.5000|51.4000|1766.5000|957.9000|NA
42684|ZYDUS WELLNESS LTD.|20160331|12|INDAS|4241.9000|NA|406.8000|NA|NA|44.9000|2.2000|44.9000|898.6000|NA
42684|ZYDUS WELLNESS LTD.|20170331|12|INDAS|4593.4000|NA|464.3000|NA|NA|279.6000|1.3000|279.6000|769.5000|NA
42684|ZYDUS WELLNESS LTD.|20180331|12|INDAS|4920.2000|NA|543.0000|NA|NA|103.5000|NA|103.5000|690.6000|NA
42684|ZYDUS WELLNESS LTD.|20190331|12|INDAS|8082.1000|NA|881.2000|15000.0000|NA|45573.3000|43392.3000|45573.3000|1493.8000|NA
42684|ZYDUS WELLNESS LTD.|20200331|12|INDAS|18950.8000|NA|1429.6000|15006.4000|1.4000|1334.9000|1106.8000|1334.9000|2592.5000|NA
42684|ZYDUS WELLNESS LTD.|20210331|12|INDAS|19950.2000|NA|1481.6000|3129.9000|NA|209.4000|24.7000|209.4000|2867.3000|NA
42684|ZYDUS WELLNESS LTD.|20220331|12|INDAS|21313.4000|NA|1483.9000|672.1000|2500.0000|669.0000|19.0000|669.0000|2368.5000|NA
42684|ZYDUS WELLNESS LTD.|20230331|12|INDAS|24004.4000|NA|1521.1000|34.6000|625.0000|488.9000|5.0000|488.9000|917.1000|NA
432664|AACHI MASALA FOODS PVT. LTD.|20200331|12|IGAAP|2589.0000|1.1000|530.1000|456.5000|NA|216.7000|2.2000|216.7000|810.5000|245.3000
432664|AACHI MASALA FOODS PVT. LTD.|20210331|12|IGAAP|2993.4000|1.2000|589.3000|736.2000|NA|427.0000|NA|427.0000|595.9000|401.5000
456205|VIDYA HERBS PVT. LTD.|20160331|12|IGAAP|1456.8000|NA|85.6000|236.0000|NA|152.3000|NA|152.3000|120.4000|NA
456205|VIDYA HERBS PVT. LTD.|20170331|12|IGAAP|2983.4000|11.9000|103.7000|238.9000|NA|86.5000|NA|86.5000|138.5000|NA
456205|VIDYA HERBS PVT. LTD.|20180331|12|IGAAP|4493.2000|NA|121.3000|417.1000|NA|288.5000|NA|288.5000|194.5000|3613.5000
456205|VIDYA HERBS PVT. LTD.|20190331|12|IGAAP|5443.4000|NA|NA|502.7000|NA|347.4000|NA|347.4000|NA|NA
456205|VIDYA HERBS PVT. LTD.|20200331|12|IGAAP|4472.8000|1.6000|194.0000|785.4000|NA|472.1000|NA|472.1000|250.4000|NA
456205|VIDYA HERBS PVT. LTD.|20210331|12|IGAAP|5528.2000|NA|237.1000|663.2000|NA|NA|NA|NA|56.6000|NA
456205|VIDYA HERBS PVT. LTD.|20220331|12|IGAAP|7355.5000|NA|349.7000|1965.7000|130.0000|824.1000|NA|824.1000|-1750.4000|NA
47406|CHORDIA FOOD PRODUCTS LTD.|20190331|12|INDAS|603.6000|NA|59.4000|NA|NA|5.2000|NA|5.2000|56.6000|NA
47406|CHORDIA FOOD PRODUCTS LTD.|20200331|12|INDAS|647.4000|NA|59.7000|21.1000|NA|0.8000|NA|0.8000|39.1000|NA
47406|CHORDIA FOOD PRODUCTS LTD.|20210331|12|INDAS|764.2000|NA|64.6000|15.7000|13.3000|26.3000|NA|26.3000|26.6000|NA
47406|CHORDIA FOOD PRODUCTS LTD.|20220331|12|INDAS|791.8000|NA|87.4000|8.8000|6.6000|42.2000|NA|42.2000|-17.2000|NA
476790|SRESTA NATURAL BIOPRODUCTS PVT. LTD.|20170331|12|IGAAP|2090.3000|2.7000|170.7000|163.7000|NA|24.0000|NA|24.0000|-29.5000|NA
476790|SRESTA NATURAL BIOPRODUCTS PVT. LTD.|20180331|12|IGAAP|2038.2000|0.3000|179.0000|159.6000|NA|NA|NA|NA|138.7000|NA
476790|SRESTA NATURAL BIOPRODUCTS PVT. LTD.|20190331|12|IGAAP|2219.2000|1.1000|188.6000|123.7000|NA|9.0000|NA|9.0000|NA|534.1000
476790|SRESTA NATURAL BIOPRODUCTS PVT. LTD.|20200331|12|INDAS|2609.2000|6.5000|323.1000|167.1000|114.6000|12.8000|NA|12.8000|164.9000|651.9000
476790|SRESTA NATURAL BIOPRODUCTS PVT. LTD.|20210331|12|INDAS|3120.7000|7.3000|336.8000|226.6000|34.9000|87.9000|NA|87.9000|20.5000|NA
476790|SRESTA NATURAL BIOPRODUCTS PVT. LTD.|20220331|12|INDAS|3265.3000|0.8000|368.8000|231.0000|108.7000|65.1000|NA|65.1000|-52.4000|NA
476790|SRESTA NATURAL BIOPRODUCTS PVT. LTD.|20230331|12|INDAS|3272.7000|13.8000|409.2000|326.9000|146.4000|123.1000|NA|123.1000|67.1000|NA
488714|ISCON BALAJI FOODS PVT. LTD.|20220331|12|IGAAP|3427.0000|33.6000|182.1000|2400.2000|92.3000|52.3000|NA|52.3000|-18.2000|991.8000
511372|SAHYADRI FARMERS PRODUCER CO. LTD.|20160331|12|IGAAP|1723.2000|NA|90.7000|255.8000|NA|264.0000|1.9000|264.0000|NA|NA
511372|SAHYADRI FARMERS PRODUCER CO. LTD.|20170331|12|IGAAP|2173.5000|NA|144.6000|178.2000|NA|277.7000|2.6000|277.7000|392.5000|NA
511372|SAHYADRI FARMERS PRODUCER CO. LTD.|20180331|12|IGAAP|2756.2000|NA|192.2000|270.9000|NA|377.0000|0.6000|377.0000|282.4000|2312.5000
511372|SAHYADRI FARMERS PRODUCER CO. LTD.|20190331|12|IGAAP|3154.1000|NA|239.7000|308.0000|NA|182.7000|0.2000|182.7000|343.2000|2466.1000
511372|SAHYADRI FARMERS PRODUCER CO. LTD.|20200331|12|IGAAP|3673.6000|NA|282.8000|891.5000|138.0000|136.0000|1.5000|136.0000|-452.4000|NA
511372|SAHYADRI FARMERS PRODUCER CO. LTD.|20210331|12|IGAAP|4300.1000|70.5000|365.3000|1504.8000|111.3000|756.1000|7.3000|756.1000|366.5000|NA
511372|SAHYADRI FARMERS PRODUCER CO. LTD.|20220331|12|IGAAP|5279.6000|109.4000|490.6000|1609.8000|133.8000|964.0000|10.2000|964.0000|522.3000|NA
535576|G D FOODS MFG. (INDIA) PVT. LTD.|20160331|12|IGAAP|2624.1000|NA|403.9000|743.5000|NA|345.4000|36.4000|345.4000|204.2000|NA
535576|G D FOODS MFG. (INDIA) PVT. LTD.|20170331|12|IGAAP|2641.5000|NA|393.0000|616.7000|NA|187.5000|4.3000|187.5000|180.9000|NA
535576|G D FOODS MFG. (INDIA) PVT. LTD.|20180331|12|IGAAP|2772.2000|NA|426.9000|553.8000|NA|145.5000|NA|145.5000|213.4000|NA
535576|G D FOODS MFG. (INDIA) PVT. LTD.|20190331|12|IGAAP|2844.9000|NA|441.4000|481.3000|NA|35.8000|6.0000|35.8000|184.7000|NA
535576|G D FOODS MFG. (INDIA) PVT. LTD.|20200331|12|IGAAP|2785.3000|NA|502.0000|447.2000|NA|87.1000|NA|87.1000|177.5000|5.7000
535576|G D FOODS MFG. (INDIA) PVT. LTD.|20210331|12|IGAAP|2826.6000|NA|546.3000|389.5000|NA|43.8000|NA|43.8000|175.4000|18.2000
54885|DABUR INDIA LTD.|20160331|12|INDAS|78507.0000|22.4000|7080.1000|3424.2000|130.6000|2701.0000|49.6000|2701.0000|11869.9000|NA
54885|DABUR INDIA LTD.|20170331|12|INDAS|76800.7000|32.9000|7232.0000|4703.9000|642.8000|4718.7000|19.1000|4718.7000|12269.3000|NA
54885|DABUR INDIA LTD.|20180331|12|INDAS|76803.1000|57.7000|7371.6000|3643.4000|1087.6000|2540.0000|24.9000|2540.0000|10915.0000|NA
54885|DABUR INDIA LTD.|20190331|12|INDAS|84373.0000|84.1000|8055.5000|260.5000|1750.9000|2025.5000|329.4000|2025.5000|14991.3000|NA
54885|DABUR INDIA LTD.|20200331|12|INDAS|86228.7000|78.8000|8442.0000|1628.9000|548.6000|5446.5000|219.2000|5446.5000|16136.2000|NA
54885|DABUR INDIA LTD.|20210331|12|INDAS|95078.1000|47.5000|9348.2000|1341.3000|NA|2775.0000|91.8000|2775.0000|21146.7000|NA
54885|DABUR INDIA LTD.|20220331|12|INDAS|108080.3000|70.7000|9792.4000|3899.4000|NA|4679.5000|50.6000|4679.5000|18023.3000|NA
54885|DABUR INDIA LTD.|20230331|12|INDAS|114265.1000|78.7000|10178.1000|4432.0000|NA|13399.1000|10373.3000|13399.1000|14884.3000|NA
59173|DEVI SEA FOODS LTD.|20160331|12|IGAAP|9992.4000|650.5000|202.0000|3.1000|NA|298.2000|NA|298.2000|-149.7000|9978.3000
59173|DEVI SEA FOODS LTD.|20170331|12|INDAS|12095.9000|NA|304.9000|106.9000|NA|387.5000|0.5000|387.5000|-12.5000|NA
59173|DEVI SEA FOODS LTD.|20180331|12|INDAS|15367.2000|1203.8000|368.9000|96.4000|0.3000|204.0000|NA|204.0000|601.3000|NA
59173|DEVI SEA FOODS LTD.|20190331|12|INDAS|20545.8000|NA|495.9000|75.2000|0.4000|520.1000|NA|520.1000|2521.2000|NA
59173|DEVI SEA FOODS LTD.|20200331|12|INDAS|21352.8000|1163.2000|618.0000|22.9000|73.4000|1594.1000|1.1000|1594.1000|1523.9000|NA
59173|DEVI SEA FOODS LTD.|20210331|12|INDAS|20933.1000|591.8000|709.9000|21.4000|NA|659.0000|0.3000|659.0000|1400.2000|NA
59173|DEVI SEA FOODS LTD.|20220331|12|INDAS|29887.6000|765.2000|882.6000|20.9000|NA|850.7000|2.3000|850.7000|-30.0000|NA
74341|FOODS & INNS LTD.|20160331|12|IGAAP|3086.9000|104.5000|143.8000|70.7000|45.7000|265.8000|NA|265.8000|-201.2000|NA
74341|FOODS & INNS LTD.|20170331|12|INDAS|3442.6000|107.1000|191.7000|38.4000|26.2000|311.2000|186.7000|311.2000|613.6000|NA
74341|FOODS & INNS LTD.|20180331|12|INDAS|3184.2000|123.0000|176.8000|54.9000|19.8000|100.9000|NA|100.9000|154.4000|NA
74341|FOODS & INNS LTD.|20190331|12|INDAS|3250.5000|130.9000|213.2000|85.3000|9.9000|246.6000|13.8000|246.6000|-184.9000|NA
74341|FOODS & INNS LTD.|20200331|12|INDAS|3787.7000|124.8000|216.4000|125.1000|30.3000|270.3000|121.0000|270.3000|-17.1000|NA
74341|FOODS & INNS LTD.|20210331|12|INDAS|3641.6000|55.2000|224.7000|125.3000|77.8000|61.2000|NA|61.2000|150.7000|NA
74341|FOODS & INNS LTD.|20220331|12|INDAS|6309.8000|0.8000|252.2000|506.8000|62.3000|199.3000|0.1000|199.3000|154.9000|NA
74341|FOODS & INNS LTD.|20230331|12|INDAS|9931.2000|0.8000|306.5000|567.6000|82.1000|549.5000|0.3000|549.5000|-731.5000|NA
77643|GADRE MARINE EXPORT PVT. LTD.|20170331|12|INDAS|7561.8000|449.7000|457.0000|316.1000|NA|462.6000|NA|462.6000|212.1000|628.2000
77643|GADRE MARINE EXPORT PVT. LTD.|20180331|12|INDAS|9689.6000|765.3000|530.0000|501.5000|NA|649.0000|0.1000|649.0000|402.4000|NA
77643|GADRE MARINE EXPORT PVT. LTD.|20190331|12|INDAS|9802.7000|862.8000|511.9000|976.3000|NA|921.0000|1.1000|921.0000|1302.5000|NA
77643|GADRE MARINE EXPORT PVT. LTD.|20200331|12|INDAS|8653.0000|NA|588.6000|1206.6000|NA|1566.7000|8.4000|1566.7000|111.2000|NA
77643|GADRE MARINE EXPORT PVT. LTD.|20210331|12|INDAS|9175.2000|307.5000|620.3000|1445.6000|NA|431.8000|NA|431.8000|143.4000|NA
77643|GADRE MARINE EXPORT PVT. LTD.|20220331|12|INDAS|13131.2000|328.4000|751.6000|1137.2000|NA|504.9000|12.0000|504.9000|369.2000|NA
77643|GADRE MARINE EXPORT PVT. LTD.|20230331|12|INDAS|13728.0000|244.6000|811.4000|1047.1000|NA|512.5000|17.7000|512.5000|810.6000|NA
783|A D F FOODS LTD.|20160331|12|IGAAP|1897.1000|58.6000|224.4000|2.6000|2.5000|51.0000|15.0000|51.0000|153.8000|NA
783|A D F FOODS LTD.|20170331|12|IGAAP|1420.8000|72.3000|163.3000|1.0000|2.5000|39.1000|NA|39.1000|169.3000|NA
783|A D F FOODS LTD.|20180331|12|INDAS|2010.2000|79.0000|154.0000|0.3000|0.7000|53.4000|0.3000|53.4000|242.7000|NA
783|A D F FOODS LTD.|20190331|12|INDAS|2314.4000|126.3000|149.5000|NA|NA|43.4000|7.3000|43.4000|196.3000|NA
783|A D F FOODS LTD.|20200331|12|INDAS|2728.2000|123.8000|164.3000|6.2000|NA|155.0000|11.7000|155.0000|310.4000|NA
783|A D F FOODS LTD.|20210331|12|INDAS|3614.4000|78.8000|168.0000|0.6000|NA|65.3000|NA|65.3000|355.5000|NA
783|A D F FOODS LTD.|20220331|12|INDAS|4048.1000|154.1000|225.5000|602.1000|NA|927.2000|246.9000|927.2000|340.7000|NA
783|A D F FOODS LTD.|20230331|12|INDAS|4441.4000|59.8000|283.2000|495.5000|NA|288.5000|42.0000|288.5000|505.2000|NA
78632|GANESH GRAINS LTD.|20160331|12|IGAAP|4672.8000|NA|69.1000|393.4000|NA|69.8000|NA|69.8000|28.4000|NA
78632|GANESH GRAINS LTD.|20170331|12|IGAAP|5529.3000|NA|89.4000|145.2000|NA|136.5000|25.9000|136.5000|-110.8000|NA
78632|GANESH GRAINS LTD.|20180331|12|IGAAP|5144.9000|NA|106.2000|78.3000|NA|122.3000|4.5000|122.3000|758.1000|NA
78632|GANESH GRAINS LTD.|20190331|12|IGAAP|4765.5000|NA|111.4000|NA|NA|102.7000|1.9000|102.7000|398.4000|NA
89485|HALDIRAM SNACKS PVT. LTD.|20160331|12|INDAS|19660.0000|NA|1242.4000|246.3000|369.4000|1951.9000|10.5000|1951.9000|3193.7000|NA
89485|HALDIRAM SNACKS PVT. LTD.|20170331|12|INDAS|24093.1000|NA|1530.5000|333.5000|62.8000|1392.7000|6.5000|1392.7000|3051.0000|NA
89485|HALDIRAM SNACKS PVT. LTD.|20180331|12|INDAS|25682.3000|NA|1686.2000|757.4000|623.0000|2618.5000|24.0000|2618.5000|4967.8000|NA
89485|HALDIRAM SNACKS PVT. LTD.|20190331|12|INDAS|30399.7000|NA|2491.9000|802.2000|554.6000|3456.9000|400.2000|3456.9000|1948.7000|NA
89485|HALDIRAM SNACKS PVT. LTD.|20200331|12|INDAS|36835.8000|NA|3139.3000|1437.2000|507.6000|6579.8000|108.0000|6579.8000|6289.7000|NA
89485|HALDIRAM SNACKS PVT. LTD.|20210331|12|INDAS|38999.6000|80.3000|3653.4000|1114.9000|394.1000|2992.2000|10.2000|2992.2000|3855.9000|NA
89485|HALDIRAM SNACKS PVT. LTD.|20220331|12|INDAS|47769.4000|41.3000|4137.6000|452.7000|604.7000|4516.8000|6.0000|4516.8000|4072.0000|NA
89485|HALDIRAM SNACKS PVT. LTD.|20230331|12|INDAS|57280.9000|69.0000|4907.5000|597.7000|NA|1640.3000|122.5000|1640.3000|7447.3000|NA
94080|HINDUSTAN UNILEVER LTD.|20160331|12|INDAS|338910.0000|NA|14210.0000|NA|NA|8990.0000|10.0000|8990.0000|41710.0000|NA
94080|HINDUSTAN UNILEVER LTD.|20170331|12|INDAS|349640.0000|NA|15050.0000|NA|NA|16190.0000|3710.0000|16190.0000|51850.0000|NA
94080|HINDUSTAN UNILEVER LTD.|20180331|12|INDAS|353020.0000|NA|16030.0000|NA|NA|6770.0000|70.0000|6770.0000|60590.0000|NA
94080|HINDUSTAN UNILEVER LTD.|20190331|12|INDAS|384060.0000|NA|16530.0000|NA|NA|8070.0000|900.0000|8070.0000|58000.0000|NA
94080|HINDUSTAN UNILEVER LTD.|20200331|12|INDAS|389650.0000|NA|16690.0000|6060.0000|NA|22960.0000|120.0000|22960.0000|76230.0000|NA
94080|HINDUSTAN UNILEVER LTD.|20210331|12|INDAS|462690.0000|NA|21450.0000|7310.0000|NA|473930.0000|448350.0000|473930.0000|91630.0000|NA
94080|HINDUSTAN UNILEVER LTD.|20220331|12|INDAS|514720.0000|NA|22790.0000|7410.0000|NA|12150.0000|30.0000|12150.0000|90480.0000|NA
94080|HINDUSTAN UNILEVER LTD.|20230331|12|INDAS|594430.0000|NA|25130.0000|8070.0000|NA|23950.0000|4490.0000|23950.0000|99910.0000|NA
97066|I T C LTD.|20160331|12|INDAS|519596.0000|NA|26726.9000|266.6000|NA|12412.7000|543.0000|12412.7000|97990.4000|NA
97066|I T C LTD.|20170331|12|INDAS|540862.7000|NA|29000.2000|184.0000|82.1000|19987.8000|205.3000|19987.8000|106273.1000|NA
97066|I T C LTD.|20180331|12|INDAS|429056.3000|942.3000|31146.1000|115.0000|70.7000|19554.0000|810.8000|19554.0000|131694.0000|NA
97066|I T C LTD.|20190331|12|INDAS|457585.7000|1122.3000|36244.9000|81.5000|34.3000|44178.4000|1367.2000|44178.4000|125834.1000|NA
97066|I T C LTD.|20200331|12|INDAS|469500.3000|1307.4000|38783.9000|2099.0000|22.6000|30682.0000|240.1000|30682.0000|146896.6000|NA
97066|I T C LTD.|20210331|12|INDAS|498632.9000|519.4000|41305.3000|2125.4000|3.5000|33391.7000|20997.1000|33391.7000|125269.7000|NA
97066|I T C LTD.|20220331|12|INDAS|605668.2000|2758.7000|45095.3000|1985.2000|7.4000|28572.2000|471.5000|28572.2000|157755.1000|NA
97066|I T C LTD.|20230331|12|INDAS|700170.8000|3114.1000|51066.1000|2168.6000|13.6000|34937.1000|8154.6000|34937.1000|188775.5000|NA
